






[0.1103324219584465,0.023446550592780113,0.005494901444762945,0.011701621115207672,0.006551634054630995,0.017911667004227638,0.05664094537496567,0.008190873079001904,0.011518090032041073,0.04825153574347496,0.011530106887221336,0.05761735886335373,0.029078546911478043,0.009040821343660355,0.062225840985774994,0.016078319400548935,0.04906616732478142,0.010925470851361752,0.011109404265880585,0.024658989161252975,0.05239483714103699,0.08167099952697754,0.031383611261844635,0.006686053238809109,0.3054848909378052,0.03192710131406784,0.03650077432394028,0.018579285591840744,0.02579733356833458,0.01368924230337143]
[0.26786327362060547,0.04098401963710785,0.02019926719367504,0.03259892389178276,0.022565659135580063,0.03915960714221001,0.07294444739818573,0.023488283157348633,0.02656719647347927,0.04825125262141228,0.02988818660378456,0.04202819988131523,0.031099071726202965,0.01995771937072277,0.03725928068161011,0.05251301825046539,0.048659831285476685,0.021368693560361862,0.026853349059820175,0.044158391654491425,0.04289860278367996,0.09338381141424179,0.04269066080451012,0.0240864809602499,0.03500097244977951,0.058849453926086426,0.04303121566772461,0.0411384217441082,0.033089131116867065,0.02226983569562435]
[0.3431927561759949,0.012790112756192684,0.0054009780287742615,0.01760607585310936,0.005865999963134527,0.04301297292113304,0.01795080490410328,0.00695003941655159,0.0024023910518735647,0.046582989394664764,0.015864795073866844,0.024734273552894592,0.0429021418094635,0.012783246114850044,0.01179513894021511,0.020283233374357224,0.019037839025259018,0.11664753407239914,0.00836856011301279,0.018929284065961838,0.06643812358379364,0.0506645143032074,0.04067320376634598,0.005989416502416134,0.2500918507575989,0.29770123958587646,0.0316736176609993,0.0168608445674181,0.26842817664146423,0.014214901253581047]
[0.07846175134181976,0.016251645982265472,0.004381412174552679,0.013798563741147518,0.005361316259950399,0.017570415511727333,0.02754838764667511,0.012575075030326843,0.006778869312256575,0.014241885393857956,0.01585453376173973,0.01305563747882843,0.01210213452577591,0.017867909744381905,0.0113956518471241,0.011195950210094452,0.015235031954944134,0.01720484159886837,0.008580341935157776,0.03883819282054901,0.017354687675833702,0.017710987478494644,0.029289938509464264,0.0018714386969804764,0.023918699473142624,0.29020795226097107,0.0349656417965889,0.09768899530172348,0.03360932692885399,0.013329267501831055]
[0.054287731647491455,0.02949279174208641,0.014384275302290916,0.019955791532993317,0.014779336750507355,0.02141488902270794,0.08424077928066254,0.010416282340884209,0.0031505809165537357,0.029221780598163605,0.021224675700068474,0.027959123253822327,0.01622222363948822,0.06341204047203064,0.01697130873799324,0.007166159804910421,0.01860876753926277,0.005616815760731697,0.010357588529586792,0.013271106407046318,0.04865304380655289,0.054386671632528305,0.060127388685941696,0.005075203254818916,0.4597892165184021,0.03838120773434639,0.034954145550727844,0.0349711999297142,0.05633103847503662,0.026886744424700737]
[0.049180857837200165,0.25777706503868103,0.009976323693990707,0.027953770011663437,0.006516897585242987,0.03702676296234131,0.06429198384284973,0.016313981264829636,0.002148819388821721,0.07365323603153229,0.014522215351462364,0.04253451153635979,0.03757884353399277,0.1668694019317627,0.02326802723109722,0.010528221726417542,0.028492523357272148,0.005165391601622105,0.04635993763804436,0.016106272116303444,0.07643893361091614,0.04573182761669159,0.030500171706080437,0.008250469341874123,0.0492829829454422,0.042450278997421265,0.030344462022185326,0.20620009303092957,0.03177502378821373,0.01460216473788023]
[0.05671568214893341,0.02345675230026245,0.005983930081129074,0.029955780133605003,0.006302261259406805,0.025191709399223328,0.0863405093550682,0.023078326135873795,0.0049668531864881516,0.05156029388308525,0.013931844383478165,0.114504873752594,0.2314952313899994,0.15986645221710205,0.020871153101325035,0.045277535915374756,0.03372054547071457,0.054184965789318085,0.03150027245283127,0.037905704230070114,0.017036940902471542,0.07453788071870804,0.10638439655303955,0.014124731533229351,0.2013392448425293,0.10388090461492538,0.18951758742332458,0.025527862831950188,0.07429152727127075,0.028709426522254944]
[0.03150159865617752,0.02022881619632244,0.015100407414138317,0.023645412176847458,0.014421263709664345,0.019719198346138,0.034508805721998215,0.0203873123973608,0.004843497648835182,0.023789789527654648,0.02272970601916313,0.023328837007284164,0.01385954674333334,0.06393605470657349,0.010061357170343399,0.015651173889636993,0.02968793921172619,0.02661862038075924,0.028384122997522354,0.01230011135339737,0.025702551007270813,0.06421306729316711,0.008859517052769661,0.015820637345314026,0.09376941621303558,0.016649989411234856,0.017917124554514885,0.019337322562932968,0.02269413135945797,0.020921479910612106]
[0.03317511826753616,0.023351237177848816,0.026829592883586884,0.015843896195292473,0.008357617072761059,0.03577610105276108,0.0326869934797287,0.012758198194205761,0.006937815807759762,0.026265805587172508,0.018954960629343987,0.032361872494220734,0.019736142829060555,0.05966118723154068,0.010809785686433315,0.014266220852732658,0.02355962060391903,0.018564894795417786,0.023152749985456467,0.018500342965126038,0.02348155900835991,0.03610625118017197,0.026549965143203735,0.012659072875976562,0.048787906765937805,0.01489865779876709,0.036487411707639694,0.024329856038093567,0.02086642012000084,0.023875653743743896]
[0.027114277705550194,0.02807684801518917,0.01927192136645317,0.020545635372400284,0.012144407257437706,0.016012471169233322,0.0334886871278286,0.019441213458776474,0.00664330180734396,0.026586081832647324,0.01998746395111084,0.020699139684438705,0.017216484993696213,0.05739624798297882,0.011739522218704224,0.018640786409378052,0.03087526559829712,0.022107932716608047,0.02458430826663971,0.010469457134604454,0.02359762042760849,0.053617097437381744,0.01010694820433855,0.012510309927165508,0.07330193370580673,0.020042885094881058,0.021800745278596878,0.017857201397418976,0.02590225264430046,0.0228872150182724]
[0.042175691574811935,0.03189381957054138,0.021649127826094627,0.02444901131093502,0.019004013389348984,0.025446956977248192,0.04563422128558159,0.02528446726500988,0.01303985994309187,0.0463363379240036,0.02687368355691433,0.03563515096902847,0.030589064583182335,0.08630180358886719,0.013323687016963959,0.023036889731884003,0.04180840775370598,0.033680036664009094,0.03334870561957359,0.017458327114582062,0.028006544336676598,0.07890373468399048,0.015444040298461914,0.014892201870679855,0.10571347177028656,0.02148485742509365,0.033818311989307404,0.024625113233923912,0.02712632343173027,0.020366966724395752]
[0.04597968980669975,0.0298266913741827,0.022480759769678116,0.026205003261566162,0.014816167764365673,0.021360477432608604,0.0405779704451561,0.02351776510477066,0.007142705377191305,0.034397583454847336,0.02996472641825676,0.031160546466708183,0.02974388562142849,0.08182048052549362,0.015161818824708462,0.023620199412107468,0.03521573543548584,0.03029075264930725,0.03419921174645424,0.014298563823103905,0.03213547542691231,0.08579468727111816,0.013637231662869453,0.01519893016666174,0.09952543675899506,0.022205717861652374,0.027007535099983215,0.02368827722966671,0.04241986572742462,0.024038812145590782]
[0.03753254935145378,0.03022238425910473,0.019311927258968353,0.017474640160799026,0.01018446870148182,0.018063867464661598,0.036593835800886154,0.017639223486185074,0.007494443561881781,0.0328637920320034,0.023144222795963287,0.024097856134176254,0.02898419462144375,0.06572236120700836,0.018808964639902115,0.021004237234592438,0.05403587222099304,0.027617663145065308,0.030820569023489952,0.013654768466949463,0.023477470502257347,0.05531102418899536,0.01669478230178356,0.018451999872922897,0.10202279686927795,0.02009284496307373,0.021221842616796494,0.01667717657983303,0.03278357535600662,0.02258029580116272]
[0.03141282498836517,0.020368322730064392,0.018072033300995827,0.021394390612840652,0.018917687237262726,0.02064741775393486,0.034270308911800385,0.022931735962629318,0.006041708867996931,0.02656121924519539,0.02545247972011566,0.021943530067801476,0.0218943040817976,0.05476010590791702,0.011917361989617348,0.023346811532974243,0.05034811049699783,0.032068826258182526,0.027823761105537415,0.013630888424813747,0.021385211497545242,0.050354741513729095,0.011363303288817406,0.01642722636461258,0.09023343771696091,0.017151761800050735,0.02253323420882225,0.018528467044234276,0.024229660630226135,0.02210685983300209]
[0.058325525373220444,0.03517044335603714,0.016803639009594917,0.03787700831890106,0.024638107046484947,0.037173908203840256,0.04041241109371185,0.04341445490717888,0.024804890155792236,0.059041913598775864,0.036150816828012466,0.08164970576763153,0.035739194601774216,0.011727293953299522,0.03787801042199135,0.01971939578652382,0.029631508514285088,0.022488802671432495,0.02501869946718216,0.04200051724910736,0.02231927029788494,0.030089575797319412,0.03776799142360687,0.025277018547058105,0.03015792928636074,0.04291606694459915,0.044005703181028366,0.025307416915893555,0.032169654965400696,0.023768290877342224]
[0.07838960736989975,0.06297768652439117,0.054688744246959686,0.05791123956441879,0.05354079604148865,0.0668708086013794,0.06980744004249573,0.07088567316532135,0.055185526609420776,0.06686022877693176,0.06560152769088745,0.0929081067442894,0.06192920356988907,0.03146565705537796,0.0635908916592598,0.044125746935606,0.07089286297559738,0.03991476073861122,0.05336741730570793,0.06295855343341827,0.04232598841190338,0.06495153903961182,0.07493483275175095,0.05121427774429321,0.05674847960472107,0.07293251156806946,0.062483709305524826,0.04800421744585037,0.06048969179391861,0.056782469153404236]
[0.05648484453558922,0.05766625329852104,0.01676647737622261,0.04203834384679794,0.02632598578929901,0.04374737665057182,0.041536491364240646,0.04130619764328003,0.023101598024368286,0.038187481462955475,0.036313511431217194,0.08121316879987717,0.03806424140930176,0.014368696138262749,0.039453715085983276,0.021822195500135422,0.02786101959645748,0.02552330307662487,0.023844290524721146,0.036654748022556305,0.017618421465158463,0.025202950462698936,0.0385175496339798,0.02859143540263176,0.026323897764086723,0.04597530886530876,0.04310902580618858,0.0293181911110878,0.03576703742146492,0.02584710717201233]
[0.06234732270240784,0.0517912320792675,0.017133910208940506,0.03291265293955803,0.025913234800100327,0.03974992781877518,0.05423581227660179,0.049047552049160004,0.025907767936587334,0.05069035291671753,0.04039711505174637,0.0961604118347168,0.04052598029375076,0.025132931768894196,0.036371175199747086,0.02331501618027687,0.03695732727646828,0.02961895614862442,0.031210048124194145,0.042633816599845886,0.024463005363941193,0.027700161561369896,0.04778749868273735,0.027198482304811478,0.03597954660654068,0.049497269093990326,0.04778226464986801,0.03069091960787773,0.051862072199583054,0.023991256952285767]
[0.06698466837406158,0.06405714154243469,0.020977061241865158,0.041270844638347626,0.030284520238637924,0.046164169907569885,0.049997176975011826,0.03656869754195213,0.02186758629977703,0.05565714091062546,0.033281054347753525,0.09732352197170258,0.03779327869415283,0.02210443839430809,0.04504923149943352,0.0394231453537941,0.05247342586517334,0.02857038378715515,0.029466815292835236,0.03596872091293335,0.03854585438966751,0.036872029304504395,0.07616421580314636,0.028452333062887192,0.04509994015097618,0.049044668674468994,0.04722854495048523,0.03342613950371742,0.05105183646082878,0.02456318400800228]
[0.057616353034973145,0.05059283226728439,0.019597815349698067,0.03535182774066925,0.023971036076545715,0.03524792939424515,0.03889533877372742,0.038548897951841354,0.02262498065829277,0.04957553371787071,0.039293333888053894,0.08759739995002747,0.037557534873485565,0.01764143817126751,0.0445951446890831,0.015725059434771538,0.04498400539159775,0.023941412568092346,0.026423785835504532,0.03875383362174034,0.025774504989385605,0.023030778393149376,0.042138129472732544,0.024072635918855667,0.04180602729320526,0.04422300308942795,0.047559596598148346,0.02774510346353054,0.03379756212234497,0.027631573379039764]
[0.11218062043190002,0.04268037900328636,0.011774620041251183,0.02612377516925335,0.022135598585009575,0.031650032848119736,0.024938862770795822,0.02941541001200676,0.011194789782166481,0.04533230885863304,0.023573733866214752,0.06721275299787521,0.03074917197227478,0.015283692628145218,0.0389443039894104,0.016480261459946632,0.02969781681895256,0.015668123960494995,0.02765863761305809,0.05718524754047394,0.013107936829328537,0.03545979782938957,0.055735088884830475,0.014261449687182903,0.016088563948869705,0.095711350440979,0.03549991175532341,0.01806536503136158,0.01909853145480156,0.018412254750728607]
























































